0.021001815795898438
0.023000001907348633
0.0220034122467041
0.021002531051635742
0.023000717163085938
0.02200627326965332
0.020997047424316406
0.022001266479492188
0.0220034122467041
0.021997690200805664
0.02100062370300293
0.020999431610107422
0.02199840545654297
0.021000146865844727
0.02228713035583496
0.022000551223754883
0.02300119400024414
0.021998882293701172
0.02300119400024414
0.02299976348876953
0.022984743118286133
0.023999691009521484
0.021001100540161133
0.021999597549438477
0.02299952507019043
0.021999597549438477
0.023001432418823242
0.022001028060913086
0.02399921417236328
0.022999286651611328
0.023998498916625977
0.02099919319152832
0.02300095558166504
0.022000551223754883
0.02099919319152832