3.4460644721984863
0.05199575424194336
0.04899930953979492
0.04999971389770508
0.049997806549072266
0.04999899864196777
0.10599803924560547
0.5240993499755859
0.13290858268737793
0.051957130432128906
0.04900074005126953
0.04999876022338867
0.04899930953979492
0.07799673080444336
0.07703804969787598
0.07931351661682129
0.04999876022338867
0.07699847221374512
0.07699775695800781
0.07741451263427734
0.05099606513977051
0.04999494552612305
0.04999971389770508
0.05013227462768555
0.05100417137145996
0.049994707107543945
0.04999804496765137
0.04999852180480957
0.05019116401672363
0.050997257232666016
0.04999661445617676
0.05199790000915527
0.05099749565124512
0.049999237060546875
0.051000356674194336